1,       0.00000000e+00,       0.00000000e+00,       0.00000000e+00,       0.00000000e+00,       0.00000000e+00,       0.00000000e+00,       0.00000000e+00,       0.00000000e+00
1,      -3.33333330e-04,      -3.33333330e-04,      -3.33333330e-04,      -8.33333358e-02,      -8.33333358e-02,      -8.33333358e-02,       0.00000000e+00,      -8.33333333e-02
1,      -6.66666660e-04,      -6.66666660e-04,      -6.66666660e-04,      -1.66666672e-01,      -1.66666672e-01,      -1.66666672e-01,       0.00000000e+00,      -1.66666667e-01
1,      -1.06666668e-03,      -1.06666668e-03,      -1.06666668e-03,      -2.66666681e-01,      -2.66666681e-01,      -2.66666681e-01,       0.00000000e+00,      -2.66666691e-01
1,      -1.46666670e-03,      -1.46666670e-03,      -1.46666670e-03,      -3.66666675e-01,      -3.66666675e-01,      -3.66666675e-01,       0.00000000e+00,      -3.66666675e-01
1,      -1.86666672e-03,      -1.86666672e-03,      -1.86666672e-03,      -4.66666669e-01,      -4.66666669e-01,      -4.66666669e-01,       0.00000000e+00,      -4.66666659e-01
1,      -2.26666662e-03,      -2.26666662e-03,      -2.26666662e-03,      -5.66666663e-01,      -5.66666663e-01,      -5.66666663e-01,       0.00000000e+00,      -5.66666683e-01
1,      -2.66666664e-03,      -2.66666664e-03,      -2.66666664e-03,      -6.66666687e-01,      -6.66666687e-01,      -6.66666687e-01,       0.00000000e+00,      -6.66666667e-01
1,      -3.06666666e-03,      -3.06666666e-03,      -3.06666666e-03,      -7.66666651e-01,      -7.66666651e-01,      -7.66666651e-01,       0.00000000e+00,      -7.66666651e-01
1,      -3.46666668e-03,      -3.46666668e-03,      -3.46666668e-03,      -8.66666675e-01,      -8.66666675e-01,      -8.66666675e-01,       0.00000000e+00,      -8.66666635e-01
1,      -3.86666670e-03,      -3.86666670e-03,      -3.86666670e-03,      -9.66666639e-01,      -9.66666639e-01,      -9.66666639e-01,       0.00000000e+00,      -9.66666619e-01
1,      -4.26666671e-03,      -4.26666671e-03,      -4.26666671e-03,      -1.06666672e+00,      -1.06666672e+00,      -1.06666672e+00,       0.00000000e+00,      -1.06666676e+00
1,      -4.66666650e-03,      -4.66666650e-03,      -4.66666650e-03,      -1.16666663e+00,      -1.16666663e+00,      -1.16666663e+00,       0.00000000e+00,      -1.16666667e+00
1,      -5.06666675e-03,      -5.06666675e-03,      -5.06666675e-03,      -1.26666665e+00,      -1.26666665e+00,      -1.26666665e+00,       0.00000000e+00,      -1.26666665e+00
1,      -5.46666654e-03,      -5.46666654e-03,      -5.46666654e-03,      -1.36666667e+00,      -1.36666667e+00,      -1.36666667e+00,       0.00000000e+00,      -1.36666663e+00
1,      -5.86666679e-03,      -5.86666679e-03,      -5.86666679e-03,      -1.46666670e+00,      -1.46666670e+00,      -1.46666670e+00,       0.00000000e+00,      -1.46666670e+00
1,      -6.26666658e-03,      -6.26666658e-03,      -6.26666658e-03,      -1.56666672e+00,      -1.56666672e+00,      -1.56666672e+00,       0.00000000e+00,      -1.56666676e+00
1,      -6.66666683e-03,      -6.66666683e-03,      -6.66666683e-03,      -1.66666663e+00,      -1.66666663e+00,      -1.66666663e+00,       0.00000000e+00,      -1.66666667e+00
1,      -7.06666661e-03,      -7.06666661e-03,      -7.06666661e-03,      -1.76666665e+00,      -1.76666665e+00,      -1.76666665e+00,       0.00000000e+00,      -1.76666673e+00
1,      -7.46666687e-03,      -7.46666687e-03,      -7.46666687e-03,      -1.86666667e+00,      -1.86666667e+00,      -1.86666667e+00,       0.00000000e+00,      -1.86666663e+00
1,      -7.86666665e-03,      -7.86666665e-03,      -7.86666665e-03,      -1.96666670e+00,      -1.96666670e+00,      -1.96666670e+00,       0.00000000e+00,      -1.96666670e+00
1,      -8.26666690e-03,      -8.26666690e-03,      -8.26666690e-03,      -2.06666660e+00,      -2.06666660e+00,      -2.06666660e+00,       0.00000000e+00,      -2.06666660e+00
1,      -8.66666622e-03,      -8.66666622e-03,      -8.66666622e-03,      -2.16666675e+00,      -2.16666675e+00,      -2.16666675e+00,       0.00000000e+00,      -2.16666667e+00
1,      -9.06666648e-03,      -9.06666648e-03,      -9.06666648e-03,      -2.26666665e+00,      -2.26666665e+00,      -2.26666665e+00,       0.00000000e+00,      -2.26666673e+00
1,      -9.46666673e-03,      -9.46666673e-03,      -9.46666673e-03,      -2.36666656e+00,      -2.36666656e+00,      -2.36666656e+00,       0.00000000e+00,      -2.36666648e+00
1,      -9.86666698e-03,      -9.86666698e-03,      -9.86666698e-03,      -2.46666670e+00,      -2.46666670e+00,      -2.46666670e+00,       0.00000000e+00,      -2.46666670e+00
1,      -1.02666663e-02,      -1.02666663e-02,      -1.02666663e-02,      -2.56666660e+00,      -2.56666660e+00,      -2.56666660e+00,       0.00000000e+00,      -2.56666660e+00
1,      -1.06666666e-02,      -1.06666666e-02,      -1.06666666e-02,      -2.66666675e+00,      -2.66666675e+00,      -2.66666675e+00,       0.00000000e+00,      -2.66666667e+00
1,      -1.10666668e-02,      -1.10666668e-02,      -1.10666668e-02,      -2.76666665e+00,      -2.76666665e+00,      -2.76666665e+00,       0.00000000e+00,      -2.76666673e+00
1,      -1.14666671e-02,      -1.14666671e-02,      -1.14666671e-02,      -2.86666656e+00,      -2.86666656e+00,      -2.86666656e+00,       0.00000000e+00,      -2.86666648e+00
1,      -1.18666664e-02,      -1.18666664e-02,      -1.18666664e-02,      -2.96666670e+00,      -2.96666670e+00,      -2.96666670e+00,       0.00000000e+00,      -2.96666654e+00
1,      -1.22666666e-02,      -1.22666666e-02,      -1.22666666e-02,      -3.06666660e+00,      -3.06666660e+00,      -3.06666660e+00,       0.00000000e+00,      -3.06666660e+00
1,      -1.26666669e-02,      -1.26666669e-02,      -1.26666669e-02,      -3.16666675e+00,      -3.16666675e+00,      -3.16666675e+00,       0.00000000e+00,      -3.16666667e+00
1,      -1.30666671e-02,      -1.30666671e-02,      -1.30666671e-02,      -3.26666665e+00,      -3.26666665e+00,      -3.26666665e+00,       0.00000000e+00,      -3.26666673e+00
1,      -1.34666665e-02,      -1.34666665e-02,      -1.34666665e-02,      -3.36666656e+00,      -3.36666656e+00,      -3.36666656e+00,       0.00000000e+00,      -3.36666648e+00
1,      -1.38666667e-02,      -1.38666667e-02,      -1.38666667e-02,      -3.46666670e+00,      -3.46666670e+00,      -3.46666670e+00,       0.00000000e+00,      -3.46666654e+00
1,      -1.42666670e-02,      -1.42666670e-02,      -1.42666670e-02,      -3.56666660e+00,      -3.56666660e+00,      -3.56666660e+00,       0.00000000e+00,      -3.56666660e+00
1,      -1.46666663e-02,      -1.46666663e-02,      -1.46666663e-02,      -3.66666675e+00,      -3.66666675e+00,      -3.66666675e+00,       0.00000000e+00,      -3.66666667e+00
1,      -1.50666665e-02,      -1.50666665e-02,      -1.50666665e-02,      -3.76666665e+00,      -3.76666665e+00,      -3.76666665e+00,       0.00000000e+00,      -3.76666673e+00
1,      -1.54666668e-02,      -1.54666668e-02,      -1.54666668e-02,      -3.86666656e+00,      -3.86666656e+00,      -3.86666656e+00,       0.00000000e+00,      -3.86666648e+00
1,      -1.58666670e-02,      -1.58666670e-02,      -1.58666670e-02,      -3.96666670e+00,      -3.96666670e+00,      -3.96666670e+00,       0.00000000e+00,      -3.96666654e+00
1,      -1.62666664e-02,      -1.62666664e-02,      -1.62666664e-02,      -4.06666660e+00,      -4.06666660e+00,      -4.06666660e+00,       0.00000000e+00,      -4.06666660e+00
1,      -1.66666675e-02,      -1.66666675e-02,      -1.66666675e-02,      -4.16666651e+00,      -4.16666651e+00,      -4.16666651e+00,       0.00000000e+00,      -4.16666667e+00
1,      -1.70666669e-02,      -1.70666669e-02,      -1.70666669e-02,      -4.26666689e+00,      -4.26666689e+00,      -4.26666689e+00,       0.00000000e+00,      -4.26666705e+00
1,      -1.74666662e-02,      -1.74666662e-02,      -1.74666662e-02,      -4.36666679e+00,      -4.36666679e+00,      -4.36666679e+00,       0.00000000e+00,      -4.36666679e+00
1,      -1.78666674e-02,      -1.78666674e-02,      -1.78666674e-02,      -4.46666670e+00,      -4.46666670e+00,      -4.46666670e+00,       0.00000000e+00,      -4.46666654e+00
1,      -1.82666667e-02,      -1.82666667e-02,      -1.82666667e-02,      -4.56666660e+00,      -4.56666660e+00,      -4.56666660e+00,       0.00000000e+00,      -4.56666660e+00
1,      -1.86666660e-02,      -1.86666660e-02,      -1.86666660e-02,      -4.66666651e+00,      -4.66666651e+00,      -4.66666651e+00,       0.00000000e+00,      -4.66666667e+00
1,      -1.90666672e-02,      -1.90666672e-02,      -1.90666672e-02,      -4.76666689e+00,      -4.76666689e+00,      -4.76666689e+00,       0.00000000e+00,      -4.76666705e+00
1,      -1.94666665e-02,      -1.94666665e-02,      -1.94666665e-02,      -4.86666679e+00,      -4.86666679e+00,      -4.86666679e+00,       0.00000000e+00,      -4.86666679e+00
1,      -1.98666658e-02,      -1.98666658e-02,      -1.98666658e-02,      -4.96666670e+00,      -4.96666670e+00,      -4.96666670e+00,       0.00000000e+00,      -4.96666654e+00
1,      -1.99999996e-02,      -1.99999996e-02,      -1.99999996e-02,      -5.00000000e+00,      -5.00000000e+00,      -5.00000000e+00,       0.00000000e+00,      -5.00000000e+00
2,      -1.99999996e-02,      -1.99999996e-02,      -1.99999996e-02,      -5.00000000e+00,      -5.00000000e+00,      -5.00000000e+00,       0.00000000e+00,      -5.00000000e+00
2,      -1.95000004e-02,      -1.95000004e-02,      -2.16666665e-02,      -5.00000000e+00,      -5.00000000e+00,      -5.16666651e+00,       1.66666508e-01,      -5.05555534e+00
2,      -1.89999994e-02,      -1.89999994e-02,      -2.33333334e-02,      -5.00000000e+00,      -5.00000000e+00,      -5.33333349e+00,       3.33333492e-01,      -5.11111132e+00
2,      -1.84000004e-02,      -1.84000004e-02,      -2.53333338e-02,      -5.00000000e+00,      -5.00000000e+00,      -5.53333330e+00,       5.33333302e-01,      -5.17777761e+00
2,      -1.77999996e-02,      -1.77999996e-02,      -2.73333341e-02,      -5.00000000e+00,      -5.00000000e+00,      -5.73333311e+00,       7.33333111e-01,      -5.24444453e+00
2,      -1.72000006e-02,      -1.72000006e-02,      -2.93333326e-02,      -5.00000000e+00,      -5.00000000e+00,      -5.93333340e+00,       9.33333397e-01,      -5.31111113e+00
2,      -1.65999997e-02,      -1.65999997e-02,      -3.13333347e-02,      -5.00000000e+00,      -5.00000000e+00,      -6.13333321e+00,       1.13333321e+00,      -5.37777774e+00
2,      -1.60000008e-02,      -1.60000008e-02,      -3.33333351e-02,      -5.00000000e+00,      -5.00000000e+00,      -6.33333349e+00,       1.33333349e+00,      -5.44444466e+00
2,      -1.53999999e-02,      -1.53999999e-02,      -3.53333317e-02,      -5.00000000e+00,      -5.00000000e+00,      -6.53333330e+00,       1.53333330e+00,      -5.51111094e+00
2,      -1.48000000e-02,      -1.48000000e-02,      -3.73333320e-02,      -5.00000000e+00,      -5.00000000e+00,      -6.73333311e+00,       1.73333311e+00,      -5.57777786e+00
2,      -1.42000001e-02,      -1.42000001e-02,      -3.93333323e-02,      -5.00000000e+00,      -5.00000000e+00,      -6.93333340e+00,       1.93333340e+00,      -5.64444478e+00
2,      -1.36000002e-02,      -1.36000002e-02,      -4.13333327e-02,      -5.00000000e+00,      -5.00000000e+00,      -7.13333321e+00,       2.13333321e+00,      -5.71111107e+00
2,      -1.30000003e-02,      -1.30000003e-02,      -4.33333330e-02,      -5.00000000e+00,      -5.00000000e+00,      -7.33333349e+00,       2.33333349e+00,      -5.77777799e+00
2,      -1.24000004e-02,      -1.24000004e-02,      -4.53333333e-02,      -5.00000000e+00,      -5.00000000e+00,      -7.53333330e+00,       2.53333330e+00,      -5.84444427e+00
2,      -1.18000004e-02,      -1.18000004e-02,      -4.73333336e-02,      -5.00000000e+00,      -5.00000000e+00,      -7.73333311e+00,       2.73333311e+00,      -5.91111120e+00
2,      -1.11999996e-02,      -1.11999996e-02,      -4.93333340e-02,      -5.00000000e+00,      -5.00000000e+00,      -7.93333340e+00,       2.93333340e+00,      -5.97777812e+00
2,      -1.03359735e-02,      -1.03359735e-02,      -5.13333343e-02,      -5.00000000e+00,      -5.00000000e+00,      -8.00131989e+00,       3.00131989e+00,      -6.00043996e+00
2,      -9.33993421e-03,      -9.33993421e-03,      -5.33333346e-02,      -5.00000000e+00,      -5.00000000e+00,      -8.00330067e+00,       3.00330067e+00,      -6.00109990e+00
2,      -8.34389403e-03,      -8.34389403e-03,      -5.53333350e-02,      -5.00000000e+00,      -5.00000000e+00,      -8.00528049e+00,       3.00528049e+00,      -6.00175985e+00
2,      -7.34785479e-03,      -7.34785479e-03,      -5.73333316e-02,      -5.00000000e+00,      -5.00000000e+00,      -8.00726032e+00,       3.00726032e+00,      -6.00241979e+00
2,      -6.35181507e-03,      -6.35181507e-03,      -5.93333319e-02,      -5.00000000e+00,      -5.00000000e+00,      -8.00924110e+00,       3.00924110e+00,      -6.00308037e+00
2,      -5.35577536e-03,      -5.35577536e-03,      -6.13333322e-02,      -5.00000000e+00,      -5.00000000e+00,      -8.01122093e+00,       3.01122093e+00,      -6.00374031e+00
2,      -4.35973611e-03,      -4.35973611e-03,      -6.33333325e-02,      -5.00000000e+00,      -5.00000000e+00,      -8.01320171e+00,       3.01320171e+00,      -6.00440089e+00
2,      -3.36369639e-03,      -3.36369639e-03,      -6.53333366e-02,      -5.00000000e+00,      -5.00000000e+00,      -8.01518154e+00,       3.01518154e+00,      -6.00506083e+00
2,      -2.36765668e-03,      -2.36765668e-03,      -6.73333332e-02,      -5.00000000e+00,      -5.00000000e+00,      -8.01716137e+00,       3.01716137e+00,      -6.00572077e+00
2,      -1.37161720e-03,      -1.37161720e-03,      -6.93333298e-02,      -5.00000000e+00,      -5.00000000e+00,      -8.01914215e+00,       3.01914215e+00,      -6.00638072e+00
2,      -3.75577569e-04,      -3.75577569e-04,      -7.13333338e-02,      -5.00000000e+00,      -5.00000000e+00,      -8.02112198e+00,       3.02112198e+00,      -6.00704066e+00
2,       6.20462059e-04,       6.20462059e-04,      -7.33333305e-02,      -5.00000000e+00,      -5.00000000e+00,      -8.02310276e+00,       3.02310276e+00,      -6.00770060e+00
2,       1.61650160e-03,       1.61650160e-03,      -7.53333345e-02,      -5.00000000e+00,      -5.00000000e+00,      -8.02508259e+00,       3.02508259e+00,      -6.00836054e+00
2,       2.61254120e-03,       2.61254120e-03,      -7.73333311e-02,      -5.00000000e+00,      -5.00000000e+00,      -8.02706242e+00,       3.02706242e+00,      -6.00902049e+00
2,       3.60858091e-03,       3.60858091e-03,      -7.93333352e-02,      -5.00000000e+00,      -5.00000000e+00,      -8.02904320e+00,       3.02904320e+00,      -6.00968107e+00
2,       4.60462039e-03,       4.60462039e-03,      -8.13333318e-02,      -5.00000000e+00,      -5.00000000e+00,      -8.03102303e+00,       3.03102303e+00,      -6.01034101e+00
2,       5.60066011e-03,       5.60066011e-03,      -8.33333358e-02,      -5.00000000e+00,      -5.00000000e+00,      -8.03300285e+00,       3.03300285e+00,      -6.01100095e+00
2,       6.59669982e-03,       6.59669982e-03,      -8.53333324e-02,      -5.00000000e+00,      -5.00000000e+00,      -8.03498363e+00,       3.03498363e+00,      -6.01166153e+00
2,       7.59273907e-03,       7.59273907e-03,      -8.73333365e-02,      -5.00000000e+00,      -5.00000000e+00,      -8.03696346e+00,       3.03696346e+00,      -6.01232147e+00
2,       8.58877879e-03,       8.58877879e-03,      -8.93333331e-02,      -5.00000000e+00,      -5.00000000e+00,      -8.03894424e+00,       3.03894424e+00,      -6.01298141e+00
2,       9.58481804e-03,       9.58481804e-03,      -9.13333297e-02,      -5.00000000e+00,      -5.00000000e+00,      -8.04092407e+00,       3.04092407e+00,      -6.01364136e+00
2,       1.05808582e-02,       1.05808582e-02,      -9.33333337e-02,      -5.00000000e+00,      -5.00000000e+00,      -8.04290390e+00,       3.04290390e+00,      -6.01430130e+00
2,       1.15768975e-02,       1.15768975e-02,      -9.53333303e-02,      -5.00000000e+00,      -5.00000000e+00,      -8.04488468e+00,       3.04488468e+00,      -6.01496124e+00
2,       1.25729376e-02,       1.25729376e-02,      -9.73333344e-02,      -5.00000000e+00,      -5.00000000e+00,      -8.04686451e+00,       3.04686451e+00,      -6.01562119e+00
2,       1.35689769e-02,       1.35689769e-02,      -9.93333310e-02,      -5.00000000e+00,      -5.00000000e+00,      -8.04884529e+00,       3.04884529e+00,      -6.01628176e+00
2,       1.45650161e-02,       1.45650161e-02,      -1.01333335e-01,      -5.00000000e+00,      -5.00000000e+00,      -8.05082512e+00,       3.05082512e+00,      -6.01694171e+00
2,       1.55610563e-02,       1.55610563e-02,      -1.03333332e-01,      -5.00000000e+00,      -5.00000000e+00,      -8.05280495e+00,       3.05280495e+00,      -6.01760165e+00
2,       1.65570956e-02,       1.65570956e-02,      -1.05333336e-01,      -5.00000000e+00,      -5.00000000e+00,      -8.05478573e+00,       3.05478573e+00,      -6.01826223e+00
2,       1.75531358e-02,       1.75531358e-02,      -1.07333332e-01,      -5.00000000e+00,      -5.00000000e+00,      -8.05676556e+00,       3.05676556e+00,      -6.01892217e+00
2,       1.85491741e-02,       1.85491741e-02,      -1.09333336e-01,      -5.00000000e+00,      -5.00000000e+00,      -8.05874634e+00,       3.05874634e+00,      -6.01958211e+00
2,       1.95452143e-02,       1.95452143e-02,      -1.11333333e-01,      -5.00000000e+00,      -5.00000000e+00,      -8.06072617e+00,       3.06072617e+00,      -6.02024206e+00
2,       2.05412544e-02,       2.05412544e-02,      -1.13333337e-01,      -5.00000000e+00,      -5.00000000e+00,      -8.06270599e+00,       3.06270599e+00,      -6.02090200e+00
2,       2.15372946e-02,       2.15372946e-02,      -1.15333334e-01,      -5.00000000e+00,      -5.00000000e+00,      -8.06468678e+00,       3.06468678e+00,      -6.02156194e+00
2,       2.25333329e-02,       2.25333329e-02,      -1.17333330e-01,      -5.00000000e+00,      -5.00000000e+00,      -8.06666660e+00,       3.06666660e+00,      -6.02222188e+00
2,       2.35293731e-02,       2.35293731e-02,      -1.19333334e-01,      -5.00000000e+00,      -5.00000000e+00,      -8.06864643e+00,       3.06864643e+00,      -6.02288183e+00
2,       2.38613859e-02,       2.38613859e-02,      -1.19999997e-01,      -5.00000000e+00,      -5.00000000e+00,      -8.06930733e+00,       3.06930733e+00,      -6.02310244e+00
